004621
007035
005503
003362
001079
000285
001512
002464
002223
005691
006336
002080
000244
004555
004559
005568
002164
006335
004019
000623
003499
006099
001720
000400
000763
002779
001839
003851
002471
002212
002270
004455
002683
001907
002146
006389
001716
006134
002141
003780
001608
004378
004351
000652
006501
002470
000605
006069
001128
003238
001030
005614
002323
002704
006689
001436
007213
006281
006207
000371
000326
003220
005942
004283
000603
000643
000787
002288
002705
006842
004018
005259
000034
000693
001005
005436
000832
002210
003846
004982
005186
003754
004795
007243
002512
004910
005989
000822
004663
004030
001312
005177
004969
005118
002771
005692
006495
000529
004499
005733
001017
005388
006826
005718
007250
001614
000184
003933
006293
003963
006220
003863
006298
003268
001618
005629
002088
004922
001290
001637
006319
006663
000313
001743
001081
005200
006398
004253
006513
002018
006248
004506
005361
002932
004428
002481
005238
000705
001326
003441
004784
003274
000425
007305
005620
002409
000593
002967
002611
006609
000747
002965
007001
004264
006916
001566
003017
006946
005357
005025
003640
003505
006307
007340
007009
001238
002016
002322
000637
004013
002240
003095
003498
007239
001110
005207
006810
004794
002886
000111
004631
005932
002413
002145
006283
005592
004936
000995
000978
006949
000891
006724
000723
000198
005823
006264
000668
001734
001581
001001
004884
003861
006011
006740
002331
000673
004159
005928
002770
005060
004847
002148
003418
003444
006291
003721
000998
002072
004690
005593
001059
003855
004084
002560
000149
003440
000079
000032
004504
001860
006157
004476
003155
003291
005023
000296
007114
005868
000836
007429
000460
000955
000363
006145
004310
001784
001456
006221
005895
004399
001142
000714
000592
001459
006021
001556
006511
006149
002571
002395
002394
000127
001789
007365
004751
000120
003427
002199
007062
003457
006976
004297
006572
001080
000882
003839
006509
002788
000185
007211
004356
002328
006727
003120
001430
005930
002510
000871
004267
004886
002549
005810
003290
006203
001644
002990
006402
004828
005877
006668
000145
003433
007332
001889
002627
007417
006728
005403
002427
006699
002592
007124
005356
004029
000507
001074
003215
006672
002658
002051
003138
004272
005710
000865
004750
004088
006443
000464
000253
000959
002297
001098
007404
003345
006259
003713
002125
006631
005146
002441
005547
002838
002274
000141
003599
002237
003166
003279
005485
002352
004704
003564
006325
003382
007097
005499
005848
005046
002096
006387
001510
006188
004728
005742
004477
004180
002946
004488
001793
002996
001168
003154
003742
000086
004025
007341
004262
004614
003912
004554
001580
001282
001247
000458
001103
004645
002317
005493
005096
003590
005987
005126
003139
000292
006967
003081
006251
006262
003810
000003
003198
005291
005293
001455
007002
002371
003363
007142
005411
005953
004200
000753
004127
001434
000929
007070
006998
006983
006141
006040
004184
006775
001117
002396
007152
003594
004758
001534
005245
006522
005716
000936
005688
001895
006192
004478
001240
003696
003761
003293
000259
001737
000387
000439
002545
004670
005693
001278
004865
006092
001009
006665
005512
003697
003479
002887
006646
003895
007004
007186
004347
006859
002834
002316
003158
006915
004287
003674
003342
007444
003710
005758
000233
003983
005468
000707
002242
006129
005419
005798
001313
001531
001044
004550
001747
000488
005111
007192
003008
004642
005508
006056
005886
002208
004183
006065
002129
005530
000868
002040
005929
000484
003525
003075
000842
001663
007046
004057
003494
000513
004442
007441
003442
003227
003328
003767
001219
001175
000276
002708
006526
003824
004793
001325
003416
000735
006528
004503
007224
007454
001024
002759
002256
003143
005853
006635
006680
004707
003565
002679
005210
005382
005667
007228
006143
004387
001842
005611
000271
006104
003551
005314
002670
003942
005022
006447
002777
003184
000945
003388
000910
004823
004662
004043
002039
004492
006662
005029
007222
002719
001908
002184
003089
000330
003641
005682
002980
001368
000274
003887
007206
002738
001914
004760
006352
006421
005723
001832
000689
005646
000709
005397
001453
005340
006376
005373
001040
006245
001760
006718
004870
001201
006082
000338
003072
003928
002698
000864
006255
006147
000818
004857
003821
006131
004358
007064
000442
005844
005394
002033
000627
002236
003369
006051
001827
000514
006940
005833
003152
002484
004701
007050
006256
000202
001792
006717
006430
004997
002700
001371
000531
004166
000238
005355
001686
000641
000331
006750
006285
002595
003538
000631
006589
006600
007388
003581
002147
002438
007167
000295
000797
005983
003200
004058
006155
001806
000764
000113
001563
004736
007248
000577
006159
000178
001642
000217
002852
004890
000497
002623
001479
003935
005537
004212
005102
005776
005306
000160
000516
005410
002998
006172
000112
002819
002436
004102
004035
003128
000584
001593
000990
001034
002589
001655
007195
001159
000573
001082
004606
006748
000136
005519
006466
002175
007399
005775
000872
005641
000389
001607
006120
002321
006824
003092
006867
006610
000808
003595
001361
003176
000522
003041
001756
002822
003636
002762
002191
002515
002733
001418
006541
000632
007216
000232
002821
003730
005488
000101
002578
006020
005478
005202
003117
006840
003246
005384
000164
000119
001171
005239
007093
007140
005890
005294
003687
006378
005071
005455
001370
004575
002377
007293
005348
004957
002444
000743
001460
006401
001486
002106
002579
002790
001164
001227
005862
002134
001685
007281
006309
004060
005033
005941
005216
003320
005220
007317
000358
003083
006809
000856
005261
001651
006080
001539
005594
002358
007209
006820
003381
006869
002003
005235
005842
002389
004382
002582
001320
004741
000064
005265
005632
001360
005574
000676
003270
006619
005454
007007
006687
002448
003991
001003
005529
002950
003390
002983
007361
006153
003100
006015
007236
006736
004826
005936
007220
003911
003592
005874
005563
005352
004561
006591
002865
005774
000264
002449
005000
005719
002921
003423
007414
006622
001883
006490
005657
003206
000576
005129
003282
000142
001957
007153
006838
003884
007218
003284
006890
004405
004431
003610
003900
007108
004845
000087
003111
000830
004273
002105
001087
003431
001796
005374
004279
007226
005351
002593
007171
006607
006562
004616
000597
006846
002926
005749
000992
003876
006705
005119
003195
003695
005367
000996
005541
003234
002782
004050
003191
000222
003140
004809
005196
006991
005761
003968
004086
003752
003049
005663
004409
003598
000009
000886
005171
005940
000146
003871
002437
001930
004441
004146
002430
004052
002587
000890
005908
004236
002261
005768
000154
000205
006320
006382
001671
003013
007264
006432
006025
002975
006429
000578
002305
003577
005387
007392
004577
002064
004911
004054
000553
007105
000887
000965
004617
006557
001383
005850
007160
004457
005104
002110
003567
006639
001223
007128
006489
003540
004643
003704
000638
005828
005421
002361
006621
002884
005675
005527
003414
004661
005295
004840
006587
000045
002968
001321
005578
001112
001652
001791
003078
007312
007324
000574
007045
005016
002269
001649
004964
003354
004233
002859
006601
002388
007461
006049
001723
004801
006918
003785
007296
002487
002390
004604
004141
003619
003929
006975
005897
005132
000406
003012
000511
005344
005791
004779
000176
002591
001392
006911
004727
000651
006972
001126
001429
007106
002227
002647
004939
005521
005134
006673
001062
004866
006007
000586
005358
000629
004408
001551
002551
005884
005694
003796
001965
001736
000858
003733
001413
002285
005863
001679
005770
006350
003348
003744
006253
005257
004533
000466
002231
005991
001785
000421
003104
007367
000616
000007
004479
005123
005152
000927
004525
003768
005865
006260
006845
004664
001955
004046
005247
005788
001064
000906
006504
004371
003169
001836
003646
005209
004906
000817
006735
006996
001773
006450
002573
000851
005009
002832
005501
005027
003507
002197
002588
000788
002989
004355
003023
004684
003936
003335
002741
006763
003681
003132
002922
006329
003115
003208
004544
001404
001672
002083
000068
001963
005042
000870
005755
004560
004656
005678
003867
006189
006295
003803
003651
007378
004080
001809
005159
001770
006919
006113
005516
003663
002688
006374
003979
004436
007394
002459
000557
002350
002092
001184
002923
001803
003732
004965
005795
002252
002684
004775
003783
002047
006000
004484
000791
004923
000426
005690
003792
000215
004135
006094
005998
002899
005624
006449
004341
006875
004194
003908
004274
006546
005564
003596
003091
006463
005497
006064
004179
005305
002973
005283
005548
007328
007460
003993
004980
006408
003801
003650
006235
004069
002302
004320
003840
002816
003147
000575
006223
003603
000685
000417
000374
004894
004201
007021
003064
001212
003513
005061
002869
004265
002754
006111
006175
000243
003036
003988
004328
005705
003896
007173
001515
003264
000853
001761
002312
005048
000275
001447
001956
004078
001816
004970
006327
000447
001403
001366
001503
006242
002654
001109
005891
005438
005575
006137
003243
005272
004772
006848
006681
005354
006690
000261
000905
004968
004639
001137
001754
002614
004169
004332
001584
005496
005420
002676
003510
005957
003706
002301
004071
000258
006721
002406
001917
007418
000678
001681
003237
001130
001639
005995
004234
006657
004417
002435
007363
006461
001506
001433
006538
004186
000044
003904
001812
001646
004006
004322
002241
003843
005679
007121
003857
007400
003685
003745
001964
007298
000410
000549
001338
002468
005409
002070
006904
006413
005799
003686
003949
001826
003533
002009
000348
005092
000096
005781
002098
005645
000165
004916
003639
005456
005507
003248
005250
005738
007185
005370
004412
002517
006183
004558
000228
000608
001060
001474
004883
006608
002263
005399
005089
004176
002205
001673
004975
000690
006310
004600
004473
004837
005012
005838
006834
001400
006180
005392
002544
004468
000280
005039
002067
002253
003212
003472
002650
005137
002632
006211
000903
000739
004838
006090
007357
000084
003917
002553
004856
003514
000924
004590
002576
007306
007457
000434
003717
001482
000665
003615
005412
003575
002660
004703
000664
005815
001341
005606
004625
006032
006257
000080
000424
003392
003729
002333
000318
000883
004432
001916
003602
004919
005097
006150
005205
002547
004097
004463
001810
001151
005130
006004
002230
000585
003361
005847
004123
000471
000214
000649
000640
005451
005320
003648
004286
001841
006231
004930
004448
000562
000433
004316
005946
002162
000918
007386
006438
001038
001311
001048
002109
007276
002364
000941
005627
000227
005599
006492
003642
007251
006109
002104
001028
003086
001779
003842
004834
005880
007465
001248
001990
005871
006019
001728
005043
002829
005353
000895
000977
004023
000994
000821
003439
004257
005469
006404
003818
002264
004637
005773
004106
006640
000051
005951
005270
004992
001452
003458
002750
006457
004900
004133
005254
005117
005407
006857
005598
005480
002198
001962
003893
005661
000951
004991
006567
005253
004017
003334
005500
002097
007393
005091
005960
004304
002375
006888
002703
003460
002084
001882
003579
002874
005990
005160
002766
002682
006835
004818
004971
002933
004292
005866
003374
000405
001601
003314
001857
003654
001951
005920
004812
005470
003415
005051
003556
003626
003951
001636
005771
005562
003597
002687
006979
000162
003701
001468
003693
001146
001628
000783
006929
003910
000719
003831
000353
001620
007184
003230
003260
001483
005861
000742
003978
004671
006422
005446
003593
005628
006346
003151
001093
000987
002566
001369
004067
000762
000075
002795
005968
000913
004170
003297
003570
002318
001023
000972
003848
004767
005346
007111
003157
000502
006939
002167
000432
002785
001299
004984
006707
003258
000857
007156
005148
006237
006197
006236
004719
003501
005069
005083
006459
005085
004518
000384
003534
005339
005286
003359
000435
004014
007474
001049
002335
005288
005310
005797
000609
004411
005193
004325
006059
003522
000688
004841
002143
005904
002309
000860
007123
001105
001402
005151
004601
006073
001968
001530
005721
006290
003039
003289
001757
004824
005748
004331
006684
005414
005098
004945
003493
002494
006361
002275
001032
000617
003262
006544
003518
005626
005401
001595
001264
006598
001553
002217
000755
003311
004466
001674
000339
007366
004015
001805
005591
005846
005579
006241
003015
000540
000556
003731
004471
002467
001072
000582
004820
001020
003473
003160
003218
000828
006644
003436
001976
000390
003356
003813
006793
000133
002533
001204
002235
000072
002150
006584
005300
001000
002453
000418
000013
007451
000300
006927
003317
000349
007355
004296
007259
002931
007013
006079
003452
005845
004467
001918
005967
002155
003816
005204
001896
003209
000686
005327
006545
003398
002407
005522
001578
004193
006995
002981
005943
002940
006328
002652
005973
006933
003371
006397
006934
003845
001505
004880
000954
002090
005432
002119
003757
007285
003944
004563
006702
007107
006271
006135
006431
004951
002061
003799
005554
004635
002041
005076
000138
000071
002368
005417
005114
004961
007101
000552
002451
001894
005621
007096
005720
000412
005492
002194
001993
007241
004211
005780
002629
001921
003173
007039
002181
006476
005612
000749
000177
001052
006965
001903
002077
000711
000445
005979
002843
002714
004677
001470
000962
003391
003760
007301
001939
003327
004139
000022
000758
006970
001738
000423
004972
006902
000796
005154
004227
001648
006072
005115
004702
005966
006984
005772
000057
005730
002992
007370
001949
004197
001209
002731
007041
001947
003720
001200
004754
001250
002798
003098
002195
006487
000344
003865
003508
003477
000322
004774
004022
006174
000172
003734
000125
006988
000759
000029
000049
001843
006224
003888
007203
005809
005849
002559
006742
005116
001866
005044
000257
000144
003253
000845
003063
005766
005898
004459
006616
001769
001119
003572
005416
004878
002024
007196
004145
000470
000757
001653
005851
003303
002537
005517
005332
002871
005406
003123
004178
005977
005428
002561
001833
005561
005398
002751
006801
000131
004376
006871
004539
003512
002791
000501
003068
004899
001523
000208
003125
005832
005490
003727
005464
004654
006559
000662
002929
006494
001425
000060
001476
003168
005583
005088
002987
005402
006108
001612
001494
003789
001170
006214
003930
002756
006743
001912
001393
000380
002416
007116
001288
005169
004075
006485
006326
001472
000902
002355
003541
007147
001016
003829
006390
002172
000946
000815
000219
000621
001490
003287
003903
006527
001730
005224
004451
005867
004607
006766
004978
001604
005211
007143
001708
001974
007263
004066
000225
003340
002972
000799
001165
000179
005569
003201
001499
002020
004317
003913
001630
007346
002006
006769
005395
002114
000267
004302
006358
001316
006179
005264
001687
006399
004781
003097
006225
000599
005178
001815
004584
002823
002513
000254
002662
001518
006018
007190
005992
001493
007390
000855
001417
003263
004381
001215
007020
001457
000303
001358
007066
001766
000129
005502
000462
005248
006961
006347
000661
001829
003906
000786
006362
000011
006184
001953
007148
003372
003271
006932
006191
001550
006905
002122
007406
000777
006564
003666
000325
001688
004114
000980
001310
000710
002808
002522
002743
002063
005734
000114
004216
006205
003960
005950
002913
001638
000866
000210
007058
004380
006952
001821
004198
002412
004204
000505
005195
000793
003832
005608
000900
000724
000221
004231
007099
007476
000839
001876
001744
006688
004244
006883
003537
004653
003286
001409
004842
006920
000785
001367
003825
002567
006550
000095
005674
005802
005764
000375
003523
001121
004778
000163
001690
002824
004659
002221
003836
005396
003261
006296
001948
004062
005549
003051
001324
004803
006055
006166
001944
004056
002941
000316
006627
000157
005956
007307
004208
002691
006708
001668
002817
004586
007314
004537
007151
002489
003344
001871
005087
001100
006630
002514
003093
002171
006957
003758
003278
002732
001811
004771
001696
001185
001731
001500
007249
004225
007051
006448
005752
004592
002176
001541
002734
002864
006805
001462
006779
001285
001041
000579
003657
002678
000539
001973
002862
003021
002508
004047
004565
001349
006081
000989
002970
000666
003939
001626
003976
002986
003163
005543
003285
000200
004230
005518
002491
006746
006230
007104
001379
002452
001280
005504
004313
004872
001491
000121
000110
001301
001283
006119
005860
000814
002778
005605
002311
000712
003044
007137
005778
000306
001891
004245
004571
000760
004031
001767
001561
000780
003549
005732
004613
000535
000431
003790
006547
003925
001262
005228
005099
006543
003990
007316
000901
005011
000282
000038
006234
003378
006392
007334
005971
003862
002186
002639
004819
006571
002550
001210
007379
001190
002912
006138
001838
003026
001669
001659
001935
005651
006084
000155
002597
002268
007234
004333
000411
000088
005767
003548
005203
005290
004181
004833
002637
001799
006923
001559
006523
005173
005684
006675
002281
002825
004545
004269
002716
001157
002672
000776
003919
005266
005585
001166
004593
002807
003749
003273
002701
003475
004020
003105
005520
002872
002060
004789
001414
002421
002910
002211
001085
006831
007102
004510
003776
000733
002126
006880
002542
000914
005648
005084
000732
002555
001849
000820
000036
006367
004572
005870
004913
002897
002622
003459
003698
006318
007134
005609
000067
004375
005831
002339
001293
003244
005383
003664
005759
007044
005223
006788
004344
000933
000500
003959
005539
001763
006683
003486
005442
003213
004747
002855
006926
002031
006261
004394
001277
002939
000680
000092
002400
000166
004877
003014
000833
005326
001788
004446
005654
006160
004802
004676
007193
001938
006864
000935
004044
003309
003113
007446
007373
001695
002849
006467
002535
003806
002918
000171
001677
004515
000245
002443
002132
005858
001759
005959
003037
000482
000602
000997
002157
002607
007054
001327
000310
002803
001700
000255
006827
007313
003016
003332
002501
001351
001181
003040
003546
001837
007191
004090
001498
007060
007268
000286
000846
006142
006418
001874
006303
004552
000438
003561
005376
003500
003844
001988
004755
003299
007090
003578
001056
005814
001464
006365
002667
006313
001276
003784
007297
005934
000069
004276
006254
001992
001229
002095
005666
003973
006500
001045
000880
003516
003569
006700
004372
005362
006132
004144
006199
003585
000829
000490
004386
006648
006642
007479
005902
005331
002642
006200
000010
000083
003850
005364
003625
001396
000483
001465
001570
000474
005457
005285
004315
004453
003882
004366
000046
000982
002259
004238
005636
000256
006022
006886
006239
002518
002313
005872
004879
000461
006456
006566
005263
002854
005915
002697
006691
001373
000150
004808
003509
003725
005277
001845
007443
006739
003119
001703
004749
006620
000449
005269
005722
000240
002882
003772
006787
004876
007025
006909
000544
003462
003966
006757
004099
000016
006814
006599
004070
000099
002465
007270
002349
000441
002873
006428
001676
006817
001475
002401
003918
006912
000896
006594
004933
003555
006162
003009
004798
004203
007459
001847
002668
004882
002214
000919
007057
001196
001426
005400
004094
000594
000867
003817
002381
001484
004500
004218
003941
003545
005553
004167
001691
006455
005980
000672
002527
001309
004217
001328
003566
003205
000713
005622
